0,0,1,2,3
1,0,1,2,4
2,0,1,2,5
3,0,1,2,6
4,0,1,2,7
5,0,1,2,8
6,0,1,2,9
7,0,1,2,10
8,0,1,2,11
9,0,1,2,12
10,0,1,2,13
11,0,1,2,14
12,0,1,3,4
13,0,1,3,5
14,0,1,3,6
15,0,1,3,7
16,0,1,3,8
17,0,1,3,9
18,0,1,3,10
19,0,1,3,11
20,0,1,3,12
21,0,1,3,13
22,0,1,3,14
23,0,1,4,5
24,0,1,4,6
25,0,1,4,7
26,0,1,4,8
27,0,1,4,9
28,0,1,4,10
29,0,1,4,11
30,0,1,4,12
31,0,1,4,13
32,0,1,4,14
33,0,1,5,6
34,0,1,5,7
35,0,1,5,8
36,0,1,5,9
37,0,1,5,10
38,0,1,5,11
39,0,1,5,12
40,0,1,5,13
41,0,1,5,14
42,0,1,6,7
43,0,1,6,8
44,0,1,6,9
45,0,1,6,10
46,0,1,6,11
47,0,1,6,12
48,0,1,6,13
49,0,1,6,14
50,0,1,7,8
51,0,1,7,9
52,0,1,7,10
53,0,1,7,11
54,0,1,7,12
55,0,1,7,13
56,0,1,7,14
57,0,1,8,9
58,0,1,8,10
59,0,1,8,11
60,0,1,8,12
61,0,1,8,13
62,0,1,8,14
63,0,1,9,10
64,0,1,9,11
65,0,1,9,12
66,0,1,9,13
67,0,1,9,14
68,0,1,10,11
69,0,1,10,12
70,0,1,10,13
71,0,1,10,14
72,0,1,11,12
73,0,1,11,13
74,0,1,11,14
75,0,1,12,13
76,0,1,12,14
77,0,1,13,14
78,0,2,3,4
79,0,2,3,5
80,0,2,3,6
81,0,2,3,7
82,0,2,3,8
83,0,2,3,9
84,0,2,3,10
85,0,2,3,11
86,0,2,3,12
87,0,2,3,13
88,0,2,3,14
89,0,2,4,5
90,0,2,4,6
91,0,2,4,7
92,0,2,4,8
93,0,2,4,9
94,0,2,4,10
95,0,2,4,11
96,0,2,4,12
97,0,2,4,13
98,0,2,4,14
99,0,2,5,6
100,0,2,5,7
101,0,2,5,8
102,0,2,5,9
103,0,2,5,10
104,0,2,5,11
105,0,2,5,12
106,0,2,5,13
107,0,2,5,14
108,0,2,6,7
109,0,2,6,8
110,0,2,6,9
111,0,2,6,10
112,0,2,6,11
113,0,2,6,12
114,0,2,6,13
115,0,2,6,14
116,0,2,7,8
117,0,2,7,9
118,0,2,7,10
119,0,2,7,11
120,0,2,7,12
121,0,2,7,13
122,0,2,7,14
123,0,2,8,9
124,0,2,8,10
125,0,2,8,11
126,0,2,8,12
127,0,2,8,13
128,0,2,8,14
129,0,2,9,10
130,0,2,9,11
131,0,2,9,12
132,0,2,9,13
133,0,2,9,14
134,0,2,10,11
135,0,2,10,12
136,0,2,10,13
137,0,2,10,14
138,0,2,11,12
139,0,2,11,13
140,0,2,11,14
141,0,2,12,13
142,0,2,12,14
143,0,2,13,14
144,0,3,4,5
145,0,3,4,6
146,0,3,4,7
147,0,3,4,8
148,0,3,4,9
149,0,3,4,10
150,0,3,4,11
151,0,3,4,12
152,0,3,4,13
153,0,3,4,14
154,0,3,5,6
155,0,3,5,7
156,0,3,5,8
157,0,3,5,9
158,0,3,5,10
159,0,3,5,11
160,0,3,5,12
161,0,3,5,13
162,0,3,5,14
163,0,3,6,7
164,0,3,6,8
165,0,3,6,9
166,0,3,6,10
167,0,3,6,11
168,0,3,6,12
169,0,3,6,13
170,0,3,6,14
171,0,3,7,8
172,0,3,7,9
173,0,3,7,10
174,0,3,7,11
175,0,3,7,12
176,0,3,7,13
177,0,3,7,14
178,0,3,8,9
179,0,3,8,10
180,0,3,8,11
181,0,3,8,12
182,0,3,8,13
183,0,3,8,14
184,0,3,9,10
185,0,3,9,11
186,0,3,9,12
187,0,3,9,13
188,0,3,9,14
189,0,3,10,11
190,0,3,10,12
191,0,3,10,13
192,0,3,10,14
193,0,3,11,12
194,0,3,11,13
195,0,3,11,14
196,0,3,12,13
197,0,3,12,14
198,0,3,13,14
199,0,4,5,6
200,0,4,5,7
201,0,4,5,8
202,0,4,5,9
203,0,4,5,10
204,0,4,5,11
205,0,4,5,12
206,0,4,5,13
207,0,4,5,14
208,0,4,6,7
209,0,4,6,8
210,0,4,6,9
211,0,4,6,10
212,0,4,6,11
213,0,4,6,12
214,0,4,6,13
215,0,4,6,14
216,0,4,7,8
217,0,4,7,9
218,0,4,7,10
219,0,4,7,11
220,0,4,7,12
221,0,4,7,13
222,0,4,7,14
223,0,4,8,9
224,0,4,8,10
225,0,4,8,11
226,0,4,8,12
227,0,4,8,13
228,0,4,8,14
229,0,4,9,10
230,0,4,9,11
231,0,4,9,12
232,0,4,9,13
233,0,4,9,14
234,0,4,10,11
235,0,4,10,12
236,0,4,10,13
237,0,4,10,14
238,0,4,11,12
239,0,4,11,13
240,0,4,11,14
241,0,4,12,13
242,0,4,12,14
243,0,4,13,14
244,0,5,6,7
245,0,5,6,8
246,0,5,6,9
247,0,5,6,10
248,0,5,6,11
249,0,5,6,12
250,0,5,6,13
251,0,5,6,14
252,0,5,7,8
253,0,5,7,9
254,0,5,7,10
255,0,5,7,11
256,0,5,7,12
257,0,5,7,13
258,0,5,7,14
259,0,5,8,9
260,0,5,8,10
261,0,5,8,11
262,0,5,8,12
263,0,5,8,13
264,0,5,8,14
265,0,5,9,10
266,0,5,9,11
267,0,5,9,12
268,0,5,9,13
269,0,5,9,14
270,0,5,10,11
271,0,5,10,12
272,0,5,10,13
273,0,5,10,14
274,0,5,11,12
275,0,5,11,13
276,0,5,11,14
277,0,5,12,13
278,0,5,12,14
279,0,5,13,14
280,0,6,7,8
281,0,6,7,9
282,0,6,7,10
283,0,6,7,11
284,0,6,7,12
285,0,6,7,13
286,0,6,7,14
287,0,6,8,9
288,0,6,8,10
289,0,6,8,11
290,0,6,8,12
291,0,6,8,13
292,0,6,8,14
293,0,6,9,10
294,0,6,9,11
295,0,6,9,12
296,0,6,9,13
297,0,6,9,14
298,0,6,10,11
299,0,6,10,12
300,0,6,10,13
301,0,6,10,14
302,0,6,11,12
303,0,6,11,13
304,0,6,11,14
305,0,6,12,13
306,0,6,12,14
307,0,6,13,14
308,0,7,8,9
309,0,7,8,10
310,0,7,8,11
311,0,7,8,12
312,0,7,8,13
313,0,7,8,14
314,0,7,9,10
315,0,7,9,11
316,0,7,9,12
317,0,7,9,13
318,0,7,9,14
319,0,7,10,11
320,0,7,10,12
321,0,7,10,13
322,0,7,10,14
323,0,7,11,12
324,0,7,11,13
325,0,7,11,14
326,0,7,12,13
327,0,7,12,14
328,0,7,13,14
329,0,8,9,10
330,0,8,9,11
331,0,8,9,12
332,0,8,9,13
333,0,8,9,14
334,0,8,10,11
335,0,8,10,12
336,0,8,10,13
337,0,8,10,14
338,0,8,11,12
339,0,8,11,13
340,0,8,11,14
341,0,8,12,13
342,0,8,12,14
343,0,8,13,14
344,0,9,10,11
345,0,9,10,12
346,0,9,10,13
347,0,9,10,14
348,0,9,11,12
349,0,9,11,13
350,0,9,11,14
351,0,9,12,13
352,0,9,12,14
353,0,9,13,14
354,0,10,11,12
355,0,10,11,13
356,0,10,11,14
357,0,10,12,13
358,0,10,12,14
359,0,10,13,14
360,0,11,12,13
361,0,11,12,14
362,0,11,13,14
363,0,12,13,14
364,1,2,3,4
365,1,2,3,5
366,1,2,3,6
367,1,2,3,7
368,1,2,3,8
369,1,2,3,9
370,1,2,3,10
371,1,2,3,11
372,1,2,3,12
373,1,2,3,13
374,1,2,3,14
375,1,2,4,5
376,1,2,4,6
377,1,2,4,7
378,1,2,4,8
379,1,2,4,9
380,1,2,4,10
381,1,2,4,11
382,1,2,4,12
383,1,2,4,13
384,1,2,4,14
385,1,2,5,6
386,1,2,5,7
387,1,2,5,8
388,1,2,5,9
389,1,2,5,10
390,1,2,5,11
391,1,2,5,12
392,1,2,5,13
393,1,2,5,14
394,1,2,6,7
395,1,2,6,8
396,1,2,6,9
397,1,2,6,10
398,1,2,6,11
399,1,2,6,12
400,1,2,6,13
401,1,2,6,14
402,1,2,7,8
403,1,2,7,9
404,1,2,7,10
405,1,2,7,11
406,1,2,7,12
407,1,2,7,13
408,1,2,7,14
409,1,2,8,9
410,1,2,8,10
411,1,2,8,11
412,1,2,8,12
413,1,2,8,13
414,1,2,8,14
415,1,2,9,10
416,1,2,9,11
417,1,2,9,12
418,1,2,9,13
419,1,2,9,14
420,1,2,10,11
421,1,2,10,12
422,1,2,10,13
423,1,2,10,14
424,1,2,11,12
425,1,2,11,13
426,1,2,11,14
427,1,2,12,13
428,1,2,12,14
429,1,2,13,14
430,1,3,4,5
431,1,3,4,6
432,1,3,4,7
433,1,3,4,8
434,1,3,4,9
435,1,3,4,10
436,1,3,4,11
437,1,3,4,12
438,1,3,4,13
439,1,3,4,14
440,1,3,5,6
441,1,3,5,7
442,1,3,5,8
443,1,3,5,9
444,1,3,5,10
445,1,3,5,11
446,1,3,5,12
447,1,3,5,13
448,1,3,5,14
449,1,3,6,7
450,1,3,6,8
451,1,3,6,9
452,1,3,6,10
453,1,3,6,11
454,1,3,6,12
455,1,3,6,13
456,1,3,6,14
457,1,3,7,8
458,1,3,7,9
459,1,3,7,10
460,1,3,7,11
461,1,3,7,12
462,1,3,7,13
463,1,3,7,14
464,1,3,8,9
465,1,3,8,10
466,1,3,8,11
467,1,3,8,12
468,1,3,8,13
469,1,3,8,14
470,1,3,9,10
471,1,3,9,11
472,1,3,9,12
473,1,3,9,13
474,1,3,9,14
475,1,3,10,11
476,1,3,10,12
477,1,3,10,13
478,1,3,10,14
479,1,3,11,12
480,1,3,11,13
481,1,3,11,14
482,1,3,12,13
483,1,3,12,14
484,1,3,13,14
485,1,4,5,6
486,1,4,5,7
487,1,4,5,8
488,1,4,5,9
489,1,4,5,10
490,1,4,5,11
491,1,4,5,12
492,1,4,5,13
493,1,4,5,14
494,1,4,6,7
495,1,4,6,8
496,1,4,6,9
497,1,4,6,10
498,1,4,6,11
499,1,4,6,12
500,1,4,6,13
501,1,4,6,14
502,1,4,7,8
503,1,4,7,9
504,1,4,7,10
505,1,4,7,11
506,1,4,7,12
507,1,4,7,13
508,1,4,7,14
509,1,4,8,9
510,1,4,8,10
511,1,4,8,11
512,1,4,8,12
513,1,4,8,13
514,1,4,8,14
515,1,4,9,10
516,1,4,9,11
517,1,4,9,12
518,1,4,9,13
519,1,4,9,14
520,1,4,10,11
521,1,4,10,12
522,1,4,10,13
523,1,4,10,14
524,1,4,11,12
525,1,4,11,13
526,1,4,11,14
527,1,4,12,13
528,1,4,12,14
529,1,4,13,14
530,1,5,6,7
531,1,5,6,8
532,1,5,6,9
533,1,5,6,10
534,1,5,6,11
535,1,5,6,12
536,1,5,6,13
537,1,5,6,14
538,1,5,7,8
539,1,5,7,9
540,1,5,7,10
541,1,5,7,11
542,1,5,7,12
543,1,5,7,13
544,1,5,7,14
545,1,5,8,9
546,1,5,8,10
547,1,5,8,11
548,1,5,8,12
549,1,5,8,13
550,1,5,8,14
551,1,5,9,10
552,1,5,9,11
553,1,5,9,12
554,1,5,9,13
555,1,5,9,14
556,1,5,10,11
557,1,5,10,12
558,1,5,10,13
559,1,5,10,14
560,1,5,11,12
561,1,5,11,13
562,1,5,11,14
563,1,5,12,13
564,1,5,12,14
565,1,5,13,14
566,1,6,7,8
567,1,6,7,9
568,1,6,7,10
569,1,6,7,11
570,1,6,7,12
571,1,6,7,13
572,1,6,7,14
573,1,6,8,9
574,1,6,8,10
575,1,6,8,11
576,1,6,8,12
577,1,6,8,13
578,1,6,8,14
579,1,6,9,10
580,1,6,9,11
581,1,6,9,12
582,1,6,9,13
583,1,6,9,14
584,1,6,10,11
585,1,6,10,12
586,1,6,10,13
587,1,6,10,14
588,1,6,11,12
589,1,6,11,13
590,1,6,11,14
591,1,6,12,13
592,1,6,12,14
593,1,6,13,14
594,1,7,8,9
595,1,7,8,10
596,1,7,8,11
597,1,7,8,12
598,1,7,8,13
599,1,7,8,14
600,1,7,9,10
601,1,7,9,11
602,1,7,9,12
603,1,7,9,13
604,1,7,9,14
605,1,7,10,11
606,1,7,10,12
607,1,7,10,13
608,1,7,10,14
609,1,7,11,12
610,1,7,11,13
611,1,7,11,14
612,1,7,12,13
613,1,7,12,14
614,1,7,13,14
615,1,8,9,10
616,1,8,9,11
617,1,8,9,12
618,1,8,9,13
619,1,8,9,14
620,1,8,10,11
621,1,8,10,12
622,1,8,10,13
623,1,8,10,14
624,1,8,11,12
625,1,8,11,13
626,1,8,11,14
627,1,8,12,13
628,1,8,12,14
629,1,8,13,14
630,1,9,10,11
631,1,9,10,12
632,1,9,10,13
633,1,9,10,14
634,1,9,11,12
635,1,9,11,13
636,1,9,11,14
637,1,9,12,13
638,1,9,12,14
639,1,9,13,14
640,1,10,11,12
641,1,10,11,13
642,1,10,11,14
643,1,10,12,13
644,1,10,12,14
645,1,10,13,14
646,1,11,12,13
647,1,11,12,14
648,1,11,13,14
649,1,12,13,14
650,2,3,4,5
651,2,3,4,6
652,2,3,4,7
653,2,3,4,8
654,2,3,4,9
655,2,3,4,10
656,2,3,4,11
657,2,3,4,12
658,2,3,4,13
659,2,3,4,14
660,2,3,5,6
661,2,3,5,7
662,2,3,5,8
663,2,3,5,9
664,2,3,5,10
665,2,3,5,11
666,2,3,5,12
667,2,3,5,13
668,2,3,5,14
669,2,3,6,7
670,2,3,6,8
671,2,3,6,9
672,2,3,6,10
673,2,3,6,11
674,2,3,6,12
675,2,3,6,13
676,2,3,6,14
677,2,3,7,8
678,2,3,7,9
679,2,3,7,10
680,2,3,7,11
681,2,3,7,12
682,2,3,7,13
683,2,3,7,14
684,2,3,8,9
685,2,3,8,10
686,2,3,8,11
687,2,3,8,12
688,2,3,8,13
689,2,3,8,14
690,2,3,9,10
691,2,3,9,11
692,2,3,9,12
693,2,3,9,13
694,2,3,9,14
695,2,3,10,11
696,2,3,10,12
697,2,3,10,13
698,2,3,10,14
699,2,3,11,12
700,2,3,11,13
701,2,3,11,14
702,2,3,12,13
703,2,3,12,14
704,2,3,13,14
705,2,4,5,6
706,2,4,5,7
707,2,4,5,8
708,2,4,5,9
709,2,4,5,10
710,2,4,5,11
711,2,4,5,12
712,2,4,5,13
713,2,4,5,14
714,2,4,6,7
715,2,4,6,8
716,2,4,6,9
717,2,4,6,10
718,2,4,6,11
719,2,4,6,12
720,2,4,6,13
721,2,4,6,14
722,2,4,7,8
723,2,4,7,9
724,2,4,7,10
725,2,4,7,11
726,2,4,7,12
727,2,4,7,13
728,2,4,7,14
729,2,4,8,9
730,2,4,8,10
731,2,4,8,11
732,2,4,8,12
733,2,4,8,13
734,2,4,8,14
735,2,4,9,10
736,2,4,9,11
737,2,4,9,12
738,2,4,9,13
739,2,4,9,14
740,2,4,10,11
741,2,4,10,12
742,2,4,10,13
743,2,4,10,14
744,2,4,11,12
745,2,4,11,13
746,2,4,11,14
747,2,4,12,13
748,2,4,12,14
749,2,4,13,14
750,2,5,6,7
751,2,5,6,8
752,2,5,6,9
753,2,5,6,10
754,2,5,6,11
755,2,5,6,12
756,2,5,6,13
757,2,5,6,14
758,2,5,7,8
759,2,5,7,9
760,2,5,7,10
761,2,5,7,11
762,2,5,7,12
763,2,5,7,13
764,2,5,7,14
765,2,5,8,9
766,2,5,8,10
767,2,5,8,11
768,2,5,8,12
769,2,5,8,13
770,2,5,8,14
771,2,5,9,10
772,2,5,9,11
773,2,5,9,12
774,2,5,9,13
775,2,5,9,14
776,2,5,10,11
777,2,5,10,12
778,2,5,10,13
779,2,5,10,14
780,2,5,11,12
781,2,5,11,13
782,2,5,11,14
783,2,5,12,13
784,2,5,12,14
785,2,5,13,14
786,2,6,7,8
787,2,6,7,9
788,2,6,7,10
789,2,6,7,11
790,2,6,7,12
791,2,6,7,13
792,2,6,7,14
793,2,6,8,9
794,2,6,8,10
795,2,6,8,11
796,2,6,8,12
797,2,6,8,13
798,2,6,8,14
799,2,6,9,10
800,2,6,9,11
801,2,6,9,12
802,2,6,9,13
803,2,6,9,14
804,2,6,10,11
805,2,6,10,12
806,2,6,10,13
807,2,6,10,14
808,2,6,11,12
809,2,6,11,13
810,2,6,11,14
811,2,6,12,13
812,2,6,12,14
813,2,6,13,14
814,2,7,8,9
815,2,7,8,10
816,2,7,8,11
817,2,7,8,12
818,2,7,8,13
819,2,7,8,14
820,2,7,9,10
821,2,7,9,11
822,2,7,9,12
823,2,7,9,13
824,2,7,9,14
825,2,7,10,11
826,2,7,10,12
827,2,7,10,13
828,2,7,10,14
829,2,7,11,12
830,2,7,11,13
831,2,7,11,14
832,2,7,12,13
833,2,7,12,14
834,2,7,13,14
835,2,8,9,10
836,2,8,9,11
837,2,8,9,12
838,2,8,9,13
839,2,8,9,14
840,2,8,10,11
841,2,8,10,12
842,2,8,10,13
843,2,8,10,14
844,2,8,11,12
845,2,8,11,13
846,2,8,11,14
847,2,8,12,13
848,2,8,12,14
849,2,8,13,14
850,2,9,10,11
851,2,9,10,12
852,2,9,10,13
853,2,9,10,14
854,2,9,11,12
855,2,9,11,13
856,2,9,11,14
857,2,9,12,13
858,2,9,12,14
859,2,9,13,14
860,2,10,11,12
861,2,10,11,13
862,2,10,11,14
863,2,10,12,13
864,2,10,12,14
865,2,10,13,14
866,2,11,12,13
867,2,11,12,14
868,2,11,13,14
869,2,12,13,14
870,3,4,5,6
871,3,4,5,7
872,3,4,5,8
873,3,4,5,9
874,3,4,5,10
875,3,4,5,11
876,3,4,5,12
877,3,4,5,13
878,3,4,5,14
879,3,4,6,7
880,3,4,6,8
881,3,4,6,9
882,3,4,6,10
883,3,4,6,11
884,3,4,6,12
885,3,4,6,13
886,3,4,6,14
887,3,4,7,8
888,3,4,7,9
889,3,4,7,10
890,3,4,7,11
891,3,4,7,12
892,3,4,7,13
893,3,4,7,14
894,3,4,8,9
895,3,4,8,10
896,3,4,8,11
897,3,4,8,12
898,3,4,8,13
899,3,4,8,14
900,3,4,9,10
901,3,4,9,11
902,3,4,9,12
903,3,4,9,13
904,3,4,9,14
905,3,4,10,11
906,3,4,10,12
907,3,4,10,13
908,3,4,10,14
909,3,4,11,12
910,3,4,11,13
911,3,4,11,14
912,3,4,12,13
913,3,4,12,14
914,3,4,13,14
915,3,5,6,7
916,3,5,6,8
917,3,5,6,9
918,3,5,6,10
919,3,5,6,11
920,3,5,6,12
921,3,5,6,13
922,3,5,6,14
923,3,5,7,8
924,3,5,7,9
925,3,5,7,10
926,3,5,7,11
927,3,5,7,12
928,3,5,7,13
929,3,5,7,14
930,3,5,8,9
931,3,5,8,10
932,3,5,8,11
933,3,5,8,12
934,3,5,8,13
935,3,5,8,14
936,3,5,9,10
937,3,5,9,11
938,3,5,9,12
939,3,5,9,13
940,3,5,9,14
941,3,5,10,11
942,3,5,10,12
943,3,5,10,13
944,3,5,10,14
945,3,5,11,12
946,3,5,11,13
947,3,5,11,14
948,3,5,12,13
949,3,5,12,14
950,3,5,13,14
951,3,6,7,8
952,3,6,7,9
953,3,6,7,10
954,3,6,7,11
955,3,6,7,12
956,3,6,7,13
957,3,6,7,14
958,3,6,8,9
959,3,6,8,10
960,3,6,8,11
961,3,6,8,12
962,3,6,8,13
963,3,6,8,14
964,3,6,9,10
965,3,6,9,11
966,3,6,9,12
967,3,6,9,13
968,3,6,9,14
969,3,6,10,11
970,3,6,10,12
971,3,6,10,13
972,3,6,10,14
973,3,6,11,12
974,3,6,11,13
975,3,6,11,14
976,3,6,12,13
977,3,6,12,14
978,3,6,13,14
979,3,7,8,9
980,3,7,8,10
981,3,7,8,11
982,3,7,8,12
983,3,7,8,13
984,3,7,8,14
985,3,7,9,10
986,3,7,9,11
987,3,7,9,12
988,3,7,9,13
989,3,7,9,14
990,3,7,10,11
991,3,7,10,12
992,3,7,10,13
993,3,7,10,14
994,3,7,11,12
995,3,7,11,13
996,3,7,11,14
997,3,7,12,13
998,3,7,12,14
999,3,7,13,14
1000,3,8,9,10
1001,3,8,9,11
1002,3,8,9,12
1003,3,8,9,13
1004,3,8,9,14
1005,3,8,10,11
1006,3,8,10,12
1007,3,8,10,13
1008,3,8,10,14
1009,3,8,11,12
1010,3,8,11,13
1011,3,8,11,14
1012,3,8,12,13
1013,3,8,12,14
1014,3,8,13,14
1015,3,9,10,11
1016,3,9,10,12
1017,3,9,10,13
1018,3,9,10,14
1019,3,9,11,12
1020,3,9,11,13
1021,3,9,11,14
1022,3,9,12,13
1023,3,9,12,14
1024,3,9,13,14
1025,3,10,11,12
1026,3,10,11,13
1027,3,10,11,14
1028,3,10,12,13
1029,3,10,12,14
1030,3,10,13,14
1031,3,11,12,13
1032,3,11,12,14
1033,3,11,13,14
1034,3,12,13,14
1035,4,5,6,7
1036,4,5,6,8
1037,4,5,6,9
1038,4,5,6,10
1039,4,5,6,11
1040,4,5,6,12
1041,4,5,6,13
1042,4,5,6,14
1043,4,5,7,8
1044,4,5,7,9
1045,4,5,7,10
1046,4,5,7,11
1047,4,5,7,12
1048,4,5,7,13
1049,4,5,7,14
1050,4,5,8,9
1051,4,5,8,10
1052,4,5,8,11
1053,4,5,8,12
1054,4,5,8,13
1055,4,5,8,14
1056,4,5,9,10
1057,4,5,9,11
1058,4,5,9,12
1059,4,5,9,13
1060,4,5,9,14
1061,4,5,10,11
1062,4,5,10,12
1063,4,5,10,13
1064,4,5,10,14
1065,4,5,11,12
1066,4,5,11,13
1067,4,5,11,14
1068,4,5,12,13
1069,4,5,12,14
1070,4,5,13,14
1071,4,6,7,8
1072,4,6,7,9
1073,4,6,7,10
1074,4,6,7,11
1075,4,6,7,12
1076,4,6,7,13
1077,4,6,7,14
1078,4,6,8,9
1079,4,6,8,10
1080,4,6,8,11
1081,4,6,8,12
1082,4,6,8,13
1083,4,6,8,14
1084,4,6,9,10
1085,4,6,9,11
1086,4,6,9,12
1087,4,6,9,13
1088,4,6,9,14
1089,4,6,10,11
1090,4,6,10,12
1091,4,6,10,13
1092,4,6,10,14
1093,4,6,11,12
1094,4,6,11,13
1095,4,6,11,14
1096,4,6,12,13
1097,4,6,12,14
1098,4,6,13,14
1099,4,7,8,9
1100,4,7,8,10
1101,4,7,8,11
1102,4,7,8,12
1103,4,7,8,13
1104,4,7,8,14
1105,4,7,9,10
1106,4,7,9,11
1107,4,7,9,12
1108,4,7,9,13
1109,4,7,9,14
1110,4,7,10,11
1111,4,7,10,12
1112,4,7,10,13
1113,4,7,10,14
1114,4,7,11,12
1115,4,7,11,13
1116,4,7,11,14
1117,4,7,12,13
1118,4,7,12,14
1119,4,7,13,14
1120,4,8,9,10
1121,4,8,9,11
1122,4,8,9,12
1123,4,8,9,13
1124,4,8,9,14
1125,4,8,10,11
1126,4,8,10,12
1127,4,8,10,13
1128,4,8,10,14
1129,4,8,11,12
1130,4,8,11,13
1131,4,8,11,14
1132,4,8,12,13
1133,4,8,12,14
1134,4,8,13,14
1135,4,9,10,11
1136,4,9,10,12
1137,4,9,10,13
1138,4,9,10,14
1139,4,9,11,12
1140,4,9,11,13
1141,4,9,11,14
1142,4,9,12,13
1143,4,9,12,14
1144,4,9,13,14
1145,4,10,11,12
1146,4,10,11,13
1147,4,10,11,14
1148,4,10,12,13
1149,4,10,12,14
1150,4,10,13,14
1151,4,11,12,13
1152,4,11,12,14
1153,4,11,13,14
1154,4,12,13,14
1155,5,6,7,8
1156,5,6,7,9
1157,5,6,7,10
1158,5,6,7,11
1159,5,6,7,12
1160,5,6,7,13
1161,5,6,7,14
1162,5,6,8,9
1163,5,6,8,10
1164,5,6,8,11
1165,5,6,8,12
1166,5,6,8,13
1167,5,6,8,14
1168,5,6,9,10
1169,5,6,9,11
1170,5,6,9,12
1171,5,6,9,13
1172,5,6,9,14
1173,5,6,10,11
1174,5,6,10,12
1175,5,6,10,13
1176,5,6,10,14
1177,5,6,11,12
1178,5,6,11,13
1179,5,6,11,14
1180,5,6,12,13
1181,5,6,12,14
1182,5,6,13,14
1183,5,7,8,9
1184,5,7,8,10
1185,5,7,8,11
1186,5,7,8,12
1187,5,7,8,13
1188,5,7,8,14
1189,5,7,9,10
1190,5,7,9,11
1191,5,7,9,12
1192,5,7,9,13
1193,5,7,9,14
1194,5,7,10,11
1195,5,7,10,12
1196,5,7,10,13
1197,5,7,10,14
1198,5,7,11,12
1199,5,7,11,13
1200,5,7,11,14
1201,5,7,12,13
1202,5,7,12,14
1203,5,7,13,14
1204,5,8,9,10
1205,5,8,9,11
1206,5,8,9,12
1207,5,8,9,13
1208,5,8,9,14
1209,5,8,10,11
1210,5,8,10,12
1211,5,8,10,13
1212,5,8,10,14
1213,5,8,11,12
1214,5,8,11,13
1215,5,8,11,14
1216,5,8,12,13
1217,5,8,12,14
1218,5,8,13,14
1219,5,9,10,11
1220,5,9,10,12
1221,5,9,10,13
1222,5,9,10,14
1223,5,9,11,12
1224,5,9,11,13
1225,5,9,11,14
1226,5,9,12,13
1227,5,9,12,14
1228,5,9,13,14
1229,5,10,11,12
1230,5,10,11,13
1231,5,10,11,14
1232,5,10,12,13
1233,5,10,12,14
1234,5,10,13,14
1235,5,11,12,13
1236,5,11,12,14
1237,5,11,13,14
1238,5,12,13,14
1239,6,7,8,9
1240,6,7,8,10
1241,6,7,8,11
1242,6,7,8,12
1243,6,7,8,13
1244,6,7,8,14
1245,6,7,9,10
1246,6,7,9,11
1247,6,7,9,12
1248,6,7,9,13
1249,6,7,9,14
1250,6,7,10,11
1251,6,7,10,12
1252,6,7,10,13
1253,6,7,10,14
1254,6,7,11,12
1255,6,7,11,13
1256,6,7,11,14
1257,6,7,12,13
1258,6,7,12,14
1259,6,7,13,14
1260,6,8,9,10
1261,6,8,9,11
1262,6,8,9,12
1263,6,8,9,13
1264,6,8,9,14
1265,6,8,10,11
1266,6,8,10,12
1267,6,8,10,13
1268,6,8,10,14
1269,6,8,11,12
1270,6,8,11,13
1271,6,8,11,14
1272,6,8,12,13
1273,6,8,12,14
1274,6,8,13,14
1275,6,9,10,11
1276,6,9,10,12
1277,6,9,10,13
1278,6,9,10,14
1279,6,9,11,12
1280,6,9,11,13
1281,6,9,11,14
1282,6,9,12,13
1283,6,9,12,14
1284,6,9,13,14
1285,6,10,11,12
1286,6,10,11,13
1287,6,10,11,14
1288,6,10,12,13
1289,6,10,12,14
1290,6,10,13,14
1291,6,11,12,13
1292,6,11,12,14
1293,6,11,13,14
1294,6,12,13,14
1295,7,8,9,10
1296,7,8,9,11
1297,7,8,9,12
1298,7,8,9,13
1299,7,8,9,14
1300,7,8,10,11
1301,7,8,10,12
1302,7,8,10,13
1303,7,8,10,14
1304,7,8,11,12
1305,7,8,11,13
1306,7,8,11,14
1307,7,8,12,13
1308,7,8,12,14
1309,7,8,13,14
1310,7,9,10,11
1311,7,9,10,12
1312,7,9,10,13
1313,7,9,10,14
1314,7,9,11,12
1315,7,9,11,13
1316,7,9,11,14
1317,7,9,12,13
1318,7,9,12,14
1319,7,9,13,14
1320,7,10,11,12
1321,7,10,11,13
1322,7,10,11,14
1323,7,10,12,13
1324,7,10,12,14
1325,7,10,13,14
1326,7,11,12,13
1327,7,11,12,14
1328,7,11,13,14
1329,7,12,13,14
1330,8,9,10,11
1331,8,9,10,12
1332,8,9,10,13
1333,8,9,10,14
1334,8,9,11,12
1335,8,9,11,13
1336,8,9,11,14
1337,8,9,12,13
1338,8,9,12,14
1339,8,9,13,14
1340,8,10,11,12
1341,8,10,11,13
1342,8,10,11,14
1343,8,10,12,13
1344,8,10,12,14
1345,8,10,13,14
1346,8,11,12,13
1347,8,11,12,14
1348,8,11,13,14
1349,8,12,13,14
1350,9,10,11,12
1351,9,10,11,13
1352,9,10,11,14
1353,9,10,12,13
1354,9,10,12,14
1355,9,10,13,14
1356,9,11,12,13
1357,9,11,12,14
1358,9,11,13,14
1359,9,12,13,14
1360,10,11,12,13
1361,10,11,12,14
1362,10,11,13,14
1363,10,12,13,14
1364,11,12,13,14
