0,0,1,2
1,0,1,3
2,0,1,4
3,0,1,5
4,0,1,6
5,0,1,7
6,0,1,8
7,0,1,9
8,0,1,10
9,0,1,11
10,0,1,12
11,0,1,13
12,0,1,14
13,0,2,3
14,0,2,4
15,0,2,5
16,0,2,6
17,0,2,7
18,0,2,8
19,0,2,9
20,0,2,10
21,0,2,11
22,0,2,12
23,0,2,13
24,0,2,14
25,0,3,4
26,0,3,5
27,0,3,6
28,0,3,7
29,0,3,8
30,0,3,9
31,0,3,10
32,0,3,11
33,0,3,12
34,0,3,13
35,0,3,14
36,0,4,5
37,0,4,6
38,0,4,7
39,0,4,8
40,0,4,9
41,0,4,10
42,0,4,11
43,0,4,12
44,0,4,13
45,0,4,14
46,0,5,6
47,0,5,7
48,0,5,8
49,0,5,9
50,0,5,10
51,0,5,11
52,0,5,12
53,0,5,13
54,0,5,14
55,0,6,7
56,0,6,8
57,0,6,9
58,0,6,10
59,0,6,11
60,0,6,12
61,0,6,13
62,0,6,14
63,0,7,8
64,0,7,9
65,0,7,10
66,0,7,11
67,0,7,12
68,0,7,13
69,0,7,14
70,0,8,9
71,0,8,10
72,0,8,11
73,0,8,12
74,0,8,13
75,0,8,14
76,0,9,10
77,0,9,11
78,0,9,12
79,0,9,13
80,0,9,14
81,0,10,11
82,0,10,12
83,0,10,13
84,0,10,14
85,0,11,12
86,0,11,13
87,0,11,14
88,0,12,13
89,0,12,14
90,0,13,14
91,1,2,3
92,1,2,4
93,1,2,5
94,1,2,6
95,1,2,7
96,1,2,8
97,1,2,9
98,1,2,10
99,1,2,11
100,1,2,12
101,1,2,13
102,1,2,14
103,1,3,4
104,1,3,5
105,1,3,6
106,1,3,7
107,1,3,8
108,1,3,9
109,1,3,10
110,1,3,11
111,1,3,12
112,1,3,13
113,1,3,14
114,1,4,5
115,1,4,6
116,1,4,7
117,1,4,8
118,1,4,9
119,1,4,10
120,1,4,11
121,1,4,12
122,1,4,13
123,1,4,14
124,1,5,6
125,1,5,7
126,1,5,8
127,1,5,9
128,1,5,10
129,1,5,11
130,1,5,12
131,1,5,13
132,1,5,14
133,1,6,7
134,1,6,8
135,1,6,9
136,1,6,10
137,1,6,11
138,1,6,12
139,1,6,13
140,1,6,14
141,1,7,8
142,1,7,9
143,1,7,10
144,1,7,11
145,1,7,12
146,1,7,13
147,1,7,14
148,1,8,9
149,1,8,10
150,1,8,11
151,1,8,12
152,1,8,13
153,1,8,14
154,1,9,10
155,1,9,11
156,1,9,12
157,1,9,13
158,1,9,14
159,1,10,11
160,1,10,12
161,1,10,13
162,1,10,14
163,1,11,12
164,1,11,13
165,1,11,14
166,1,12,13
167,1,12,14
168,1,13,14
169,2,3,4
170,2,3,5
171,2,3,6
172,2,3,7
173,2,3,8
174,2,3,9
175,2,3,10
176,2,3,11
177,2,3,12
178,2,3,13
179,2,3,14
180,2,4,5
181,2,4,6
182,2,4,7
183,2,4,8
184,2,4,9
185,2,4,10
186,2,4,11
187,2,4,12
188,2,4,13
189,2,4,14
190,2,5,6
191,2,5,7
192,2,5,8
193,2,5,9
194,2,5,10
195,2,5,11
196,2,5,12
197,2,5,13
198,2,5,14
199,2,6,7
200,2,6,8
201,2,6,9
202,2,6,10
203,2,6,11
204,2,6,12
205,2,6,13
206,2,6,14
207,2,7,8
208,2,7,9
209,2,7,10
210,2,7,11
211,2,7,12
212,2,7,13
213,2,7,14
214,2,8,9
215,2,8,10
216,2,8,11
217,2,8,12
218,2,8,13
219,2,8,14
220,2,9,10
221,2,9,11
222,2,9,12
223,2,9,13
224,2,9,14
225,2,10,11
226,2,10,12
227,2,10,13
228,2,10,14
229,2,11,12
230,2,11,13
231,2,11,14
232,2,12,13
233,2,12,14
234,2,13,14
235,3,4,5
236,3,4,6
237,3,4,7
238,3,4,8
239,3,4,9
240,3,4,10
241,3,4,11
242,3,4,12
243,3,4,13
244,3,4,14
245,3,5,6
246,3,5,7
247,3,5,8
248,3,5,9
249,3,5,10
250,3,5,11
251,3,5,12
252,3,5,13
253,3,5,14
254,3,6,7
255,3,6,8
256,3,6,9
257,3,6,10
258,3,6,11
259,3,6,12
260,3,6,13
261,3,6,14
262,3,7,8
263,3,7,9
264,3,7,10
265,3,7,11
266,3,7,12
267,3,7,13
268,3,7,14
269,3,8,9
270,3,8,10
271,3,8,11
272,3,8,12
273,3,8,13
274,3,8,14
275,3,9,10
276,3,9,11
277,3,9,12
278,3,9,13
279,3,9,14
280,3,10,11
281,3,10,12
282,3,10,13
283,3,10,14
284,3,11,12
285,3,11,13
286,3,11,14
287,3,12,13
288,3,12,14
289,3,13,14
290,4,5,6
291,4,5,7
292,4,5,8
293,4,5,9
294,4,5,10
295,4,5,11
296,4,5,12
297,4,5,13
298,4,5,14
299,4,6,7
300,4,6,8
301,4,6,9
302,4,6,10
303,4,6,11
304,4,6,12
305,4,6,13
306,4,6,14
307,4,7,8
308,4,7,9
309,4,7,10
310,4,7,11
311,4,7,12
312,4,7,13
313,4,7,14
314,4,8,9
315,4,8,10
316,4,8,11
317,4,8,12
318,4,8,13
319,4,8,14
320,4,9,10
321,4,9,11
322,4,9,12
323,4,9,13
324,4,9,14
325,4,10,11
326,4,10,12
327,4,10,13
328,4,10,14
329,4,11,12
330,4,11,13
331,4,11,14
332,4,12,13
333,4,12,14
334,4,13,14
335,5,6,7
336,5,6,8
337,5,6,9
338,5,6,10
339,5,6,11
340,5,6,12
341,5,6,13
342,5,6,14
343,5,7,8
344,5,7,9
345,5,7,10
346,5,7,11
347,5,7,12
348,5,7,13
349,5,7,14
350,5,8,9
351,5,8,10
352,5,8,11
353,5,8,12
354,5,8,13
355,5,8,14
356,5,9,10
357,5,9,11
358,5,9,12
359,5,9,13
360,5,9,14
361,5,10,11
362,5,10,12
363,5,10,13
364,5,10,14
365,5,11,12
366,5,11,13
367,5,11,14
368,5,12,13
369,5,12,14
370,5,13,14
371,6,7,8
372,6,7,9
373,6,7,10
374,6,7,11
375,6,7,12
376,6,7,13
377,6,7,14
378,6,8,9
379,6,8,10
380,6,8,11
381,6,8,12
382,6,8,13
383,6,8,14
384,6,9,10
385,6,9,11
386,6,9,12
387,6,9,13
388,6,9,14
389,6,10,11
390,6,10,12
391,6,10,13
392,6,10,14
393,6,11,12
394,6,11,13
395,6,11,14
396,6,12,13
397,6,12,14
398,6,13,14
399,7,8,9
400,7,8,10
401,7,8,11
402,7,8,12
403,7,8,13
404,7,8,14
405,7,9,10
406,7,9,11
407,7,9,12
408,7,9,13
409,7,9,14
410,7,10,11
411,7,10,12
412,7,10,13
413,7,10,14
414,7,11,12
415,7,11,13
416,7,11,14
417,7,12,13
418,7,12,14
419,7,13,14
420,8,9,10
421,8,9,11
422,8,9,12
423,8,9,13
424,8,9,14
425,8,10,11
426,8,10,12
427,8,10,13
428,8,10,14
429,8,11,12
430,8,11,13
431,8,11,14
432,8,12,13
433,8,12,14
434,8,13,14
435,9,10,11
436,9,10,12
437,9,10,13
438,9,10,14
439,9,11,12
440,9,11,13
441,9,11,14
442,9,12,13
443,9,12,14
444,9,13,14
445,10,11,12
446,10,11,13
447,10,11,14
448,10,12,13
449,10,12,14
450,10,13,14
451,11,12,13
452,11,12,14
453,11,13,14
454,12,13,14
